Sample ID	Clump Thickness	Uniformity of Cell Size	Uniformity of Cell Shape	Marginal Adhesion	Single Epithelial Cell Size	Bare Nuclei	Bland Chromatin	Normal Nucleoli	Mitoses	Class
string	1 2 3 4 5 6 7 8 9 10	1 2 3 4 5 6 7 8 9 10	1 2 3 4 5 6 7 8 9 10	1 2 3 4 5 6 7 8 9 10	1 2 3 4 5 6 7 8 9 10	1 2 3 4 5 6 7 8 9 10	1 2 3 4 5 6 7 8 9 10	1 2 3 4 5 6 7 8 9 10	1 2 3 4 5 6 7 8 9 10	malignant benign
ignore										class
1000025	5	1	1	1	2	1	3	1	1	benign
1002945	5	4	4	5	7	10	3	2	1	benign
1015425	3	1	1	1	2	2	3	1	1	benign
1016277	6	8	8	1	3	4	3	7	1	benign
1017023	4	1	1	3	2	1	3	1	1	benign
1017122	8	10	10	8	7	10	9	7	1	malignant
1018099	1	1	1	1	2	10	3	1	1	benign
1018561	2	1	2	1	2	1	3	1	1	benign
1033078	2	1	1	1	2	1	1	1	5	benign
1033078	4	2	1	1	2	1	2	1	1	benign
1035283	1	1	1	1	1	1	3	1	1	benign
1036172	2	1	1	1	2	1	2	1	1	benign
1041801	5	3	3	3	2	3	4	4	1	malignant
1043999	1	1	1	1	2	3	3	1	1	benign
1044572	8	7	5	10	7	9	5	5	4	malignant
1047630	7	4	6	4	6	1	4	3	1	malignant
1048672	4	1	1	1	2	1	2	1	1	benign
1049815	4	1	1	1	2	1	3	1	1	benign
1050670	10	7	7	6	4	10	4	1	2	malignant
1050718	6	1	1	1	2	1	3	1	1	benign
1054590	7	3	2	10	5	10	5	4	4	malignant
1054593	10	5	5	3	6	7	7	10	1	malignant
1056784	3	1	1	1	2	1	2	1	1	benign
1057013	8	4	5	1	2	?	7	3	1	malignant
1059552	1	1	1	1	2	1	3	1	1	benign
1065726	5	2	3	4	2	7	3	6	1	malignant
1066373	3	2	1	1	1	1	2	1	1	benign
1066979	5	1	1	1	2	1	2	1	1	benign
1067444	2	1	1	1	2	1	2	1	1	benign
1070935	1	1	3	1	2	1	1	1	1	benign
1070935	3	1	1	1	1	1	2	1	1	benign
1071760	2	1	1	1	2	1	3	1	1	benign
1072179	10	7	7	3	8	5	7	4	3	malignant
1074610	2	1	1	2	2	1	3	1	1	benign
1075123	3	1	2	1	2	1	2	1	1	benign
1079304	2	1	1	1	2	1	2	1	1	benign
1080185	10	10	10	8	6	1	8	9	1	malignant
1081791	6	2	1	1	1	1	7	1	1	benign
1084584	5	4	4	9	2	10	5	6	1	malignant
1091262	2	5	3	3	6	7	7	5	1	malignant
1096800	6	6	6	9	6	?	7	8	1	benign
1099510	10	4	3	1	3	3	6	5	2	malignant
1100524	6	10	10	2	8	10	7	3	3	malignant
1102573	5	6	5	6	10	1	3	1	1	malignant
1103608	10	10	10	4	8	1	8	10	1	malignant
1103722	1	1	1	1	2	1	2	1	2	benign
1105257	3	7	7	4	4	9	4	8	1	malignant
1105524	1	1	1	1	2	1	2	1	1	benign
1106095	4	1	1	3	2	1	3	1	1	benign
1106829	7	8	7	2	4	8	3	8	2	malignant
1108370	9	5	8	1	2	3	2	1	5	malignant
1108449	5	3	3	4	2	4	3	4	1	malignant
1110102	10	3	6	2	3	5	4	10	2	malignant
1110503	5	5	5	8	10	8	7	3	7	malignant
1110524	10	5	5	6	8	8	7	1	1	malignant
1111249	10	6	6	3	4	5	3	6	1	malignant
1112209	8	10	10	1	3	6	3	9	1	malignant
1113038	8	2	4	1	5	1	5	4	4	malignant
1113483	5	2	3	1	6	10	5	1	1	malignant
1113906	9	5	5	2	2	2	5	1	1	malignant
1115282	5	3	5	5	3	3	4	10	1	malignant
1115293	1	1	1	1	2	2	2	1	1	benign
1116116	9	10	10	1	10	8	3	3	1	malignant
1116132	6	3	4	1	5	2	3	9	1	malignant
1116192	1	1	1	1	2	1	2	1	1	benign
1116998	10	4	2	1	3	2	4	3	10	malignant
1117152	4	1	1	1	2	1	3	1	1	benign
1118039	5	3	4	1	8	10	4	9	1	malignant
1120559	8	3	8	3	4	9	8	9	8	malignant
1121732	1	1	1	1	2	1	3	2	1	benign
1121919	5	1	3	1	2	1	2	1	1	benign
1123061	6	10	2	8	10	2	7	8	10	malignant
1124651	1	3	3	2	2	1	7	2	1	benign
1125035	9	4	5	10	6	10	4	8	1	malignant
1126417	10	6	4	1	3	4	3	2	3	malignant
1131294	1	1	2	1	2	2	4	2	1	benign
1132347	1	1	4	1	2	1	2	1	1	benign
1133041	5	3	1	2	2	1	2	1	1	benign
1133136	3	1	1	1	2	3	3	1	1	benign
1136142	2	1	1	1	3	1	2	1	1	benign
1137156	2	2	2	1	1	1	7	1	1	benign
1143978	4	1	1	2	2	1	2	1	1	benign
1143978	5	2	1	1	2	1	3	1	1	benign
1147044	3	1	1	1	2	2	7	1	1	benign
1147699	3	5	7	8	8	9	7	10	7	malignant
1147748	5	10	6	1	10	4	4	10	10	malignant
1148278	3	3	6	4	5	8	4	4	1	malignant
1148873	3	6	6	6	5	10	6	8	3	malignant
1152331	4	1	1	1	2	1	3	1	1	benign
1155546	2	1	1	2	3	1	2	1	1	benign
1156272	1	1	1	1	2	1	3	1	1	benign
1156948	3	1	1	2	2	1	1	1	1	benign
1157734	4	1	1	1	2	1	3	1	1	benign
1158247	1	1	1	1	2	1	2	1	1	benign
1160476	2	1	1	1	2	1	3	1	1	benign
1164066	1	1	1	1	2	1	3	1	1	benign
1165297	2	1	1	2	2	1	1	1	1	benign
1165790	5	1	1	1	2	1	3	1	1	benign
1165926	9	6	9	2	10	6	2	9	10	malignant
1166630	7	5	6	10	5	10	7	9	4	malignant
1166654	10	3	5	1	10	5	3	10	2	malignant
1167439	2	3	4	4	2	5	2	5	1	malignant
1167471	4	1	2	1	2	1	3	1	1	benign
1168359	8	2	3	1	6	3	7	1	1	malignant
1168736	10	10	10	10	10	1	8	8	8	malignant
1169049	7	3	4	4	3	3	3	2	7	malignant
1170419	10	10	10	8	2	10	4	1	1	malignant
1170420	1	6	8	10	8	10	5	7	1	malignant
1171710	1	1	1	1	2	1	2	3	1	benign
1171710	6	5	4	4	3	9	7	8	3	malignant
1171795	1	3	1	2	2	2	5	3	2	benign
1171845	8	6	4	3	5	9	3	1	1	malignant
1172152	10	3	3	10	2	10	7	3	3	malignant
1173216	10	10	10	3	10	8	8	1	1	malignant
1173235	3	3	2	1	2	3	3	1	1	benign
1173347	1	1	1	1	2	5	1	1	1	benign
1173347	8	3	3	1	2	2	3	2	1	benign
1173509	4	5	5	10	4	10	7	5	8	malignant
1173514	1	1	1	1	4	3	1	1	1	benign
1173681	3	2	1	1	2	2	3	1	1	benign
1174057	1	1	2	2	2	1	3	1	1	benign
1174057	4	2	1	1	2	2	3	1	1	benign
1174131	10	10	10	2	10	10	5	3	3	malignant
1174428	5	3	5	1	8	10	5	3	1	malignant
1175937	5	4	6	7	9	7	8	10	1	malignant
1176406	1	1	1	1	2	1	2	1	1	benign
1176881	7	5	3	7	4	10	7	5	5	malignant
1177027	3	1	1	1	2	1	3	1	1	benign
1177399	8	3	5	4	5	10	1	6	2	malignant
1177512	1	1	1	1	10	1	1	1	1	benign
1178580	5	1	3	1	2	1	2	1	1	benign
1179818	2	1	1	1	2	1	3	1	1	benign
1180194	5	10	8	10	8	10	3	6	3	malignant
1180523	3	1	1	1	2	1	2	2	1	benign
1180831	3	1	1	1	3	1	2	1	1	benign
1181356	5	1	1	1	2	2	3	3	1	benign
1182404	4	1	1	1	2	1	2	1	1	benign
1182410	3	1	1	1	2	1	1	1	1	benign
1183240	4	1	2	1	2	1	2	1	1	benign
1183246	1	1	1	1	1	?	2	1	1	benign
1183516	3	1	1	1	2	1	1	1	1	benign
1183911	2	1	1	1	2	1	1	1	1	benign
1183983	9	5	5	4	4	5	4	3	3	malignant
1184184	1	1	1	1	2	5	1	1	1	benign
1184241	2	1	1	1	2	1	2	1	1	benign
1184840	1	1	3	1	2	?	2	1	1	benign
1185609	3	4	5	2	6	8	4	1	1	malignant
1185610	1	1	1	1	3	2	2	1	1	benign
1187457	3	1	1	3	8	1	5	8	1	benign
1187805	8	8	7	4	10	10	7	8	7	malignant
1188472	1	1	1	1	1	1	3	1	1	benign
1189266	7	2	4	1	6	10	5	4	3	malignant
1189286	10	10	8	6	4	5	8	10	1	malignant
1190394	4	1	1	1	2	3	1	1	1	benign
1190485	1	1	1	1	2	1	1	1	1	benign
1192325	5	5	5	6	3	10	3	1	1	malignant
1193091	1	2	2	1	2	1	2	1	1	benign
1193210	2	1	1	1	2	1	3	1	1	benign
1193683	1	1	2	1	3	?	1	1	1	benign
1196295	9	9	10	3	6	10	7	10	6	malignant
1196915	10	7	7	4	5	10	5	7	2	malignant
1197080	4	1	1	1	2	1	3	2	1	benign
1197270	3	1	1	1	2	1	3	1	1	benign
1197440	1	1	1	2	1	3	1	1	7	benign
1197510	5	1	1	1	2	?	3	1	1	benign
1197979	4	1	1	1	2	2	3	2	1	benign
1197993	5	6	7	8	8	10	3	10	3	malignant
1198128	10	8	10	10	6	1	3	1	10	malignant
1198641	3	1	1	1	2	1	3	1	1	benign
1199219	1	1	1	2	1	1	1	1	1	benign
1199731	3	1	1	1	2	1	1	1	1	benign
1199983	1	1	1	1	2	1	3	1	1	benign
1200772	1	1	1	1	2	1	2	1	1	benign
1200847	6	10	10	10	8	10	10	10	7	malignant
1200892	8	6	5	4	3	10	6	1	1	malignant
1200952	5	8	7	7	10	10	5	7	1	malignant
1201834	2	1	1	1	2	1	3	1	1	benign
1201936	5	10	10	3	8	1	5	10	3	malignant
1202125	4	1	1	1	2	1	3	1	1	benign
1202812	5	3	3	3	6	10	3	1	1	malignant
1203096	1	1	1	1	1	1	3	1	1	benign
1204242	1	1	1	1	2	1	1	1	1	benign
1204898	6	1	1	1	2	1	3	1	1	benign
1205138	5	8	8	8	5	10	7	8	1	malignant
1205579	8	7	6	4	4	10	5	1	1	malignant
1206089	2	1	1	1	1	1	3	1	1	benign
1206695	1	5	8	6	5	8	7	10	1	malignant
1206841	10	5	6	10	6	10	7	7	10	malignant
1207986	5	8	4	10	5	8	9	10	1	malignant
1208301	1	2	3	1	2	1	3	1	1	benign
1210963	10	10	10	8	6	8	7	10	1	malignant
1211202	7	5	10	10	10	10	4	10	3	malignant
1212232	5	1	1	1	2	1	2	1	1	benign
1212251	1	1	1	1	2	1	3	1	1	benign
1212422	3	1	1	1	2	1	3	1	1	benign
1212422	4	1	1	1	2	1	3	1	1	benign
1213375	8	4	4	5	4	7	7	8	2	benign
1213383	5	1	1	4	2	1	3	1	1	benign
1214092	1	1	1	1	2	1	1	1	1	benign
1214556	3	1	1	1	2	1	2	1	1	benign
1214966	9	7	7	5	5	10	7	8	3	malignant
1216694	10	8	8	4	10	10	8	1	1	malignant
1216947	1	1	1	1	2	1	3	1	1	benign
1217051	5	1	1	1	2	1	3	1	1	benign
1217264	1	1	1	1	2	1	3	1	1	benign
1218105	5	10	10	9	6	10	7	10	5	malignant
1218741	10	10	9	3	7	5	3	5	1	malignant
1218860	1	1	1	1	1	1	3	1	1	benign
1218860	1	1	1	1	1	1	3	1	1	benign
1219406	5	1	1	1	1	1	3	1	1	benign
1219525	8	10	10	10	5	10	8	10	6	malignant
1219859	8	10	8	8	4	8	7	7	1	malignant
1220330	1	1	1	1	2	1	3	1	1	benign
1221863	10	10	10	10	7	10	7	10	4	malignant
1222047	10	10	10	10	3	10	10	6	1	malignant
1222936	8	7	8	7	5	5	5	10	2	malignant
1223282	1	1	1	1	2	1	2	1	1	benign
1223426	1	1	1	1	2	1	3	1	1	benign
1223793	6	10	7	7	6	4	8	10	2	malignant
1223967	6	1	3	1	2	1	3	1	1	benign
1224329	1	1	1	2	2	1	3	1	1	benign
1225799	10	6	4	3	10	10	9	10	1	malignant
1226012	4	1	1	3	1	5	2	1	1	malignant
1226612	7	5	6	3	3	8	7	4	1	malignant
1227210	10	5	5	6	3	10	7	9	2	malignant
1227244	1	1	1	1	2	1	2	1	1	benign
1227481	10	5	7	4	4	10	8	9	1	malignant
1228152	8	9	9	5	3	5	7	7	1	malignant
1228311	1	1	1	1	1	1	3	1	1	benign
1230175	10	10	10	3	10	10	9	10	1	malignant
1230688	7	4	7	4	3	7	7	6	1	malignant
1231387	6	8	7	5	6	8	8	9	2	malignant
1231706	8	4	6	3	3	1	4	3	1	benign
1232225	10	4	5	5	5	10	4	1	1	malignant
1236043	3	3	2	1	3	1	3	6	1	benign
1241232	3	1	4	1	2	?	3	1	1	benign
1241559	10	8	8	2	8	10	4	8	10	malignant
1241679	9	8	8	5	6	2	4	10	4	malignant
1242364	8	10	10	8	6	9	3	10	10	malignant
1243256	10	4	3	2	3	10	5	3	2	malignant
1270479	5	1	3	3	2	2	2	3	1	benign
1276091	3	1	1	3	1	1	3	1	1	benign
1277018	2	1	1	1	2	1	3	1	1	benign
128059	1	1	1	1	2	5	5	1	1	benign
1285531	1	1	1	1	2	1	3	1	1	benign
1287775	5	1	1	2	2	2	3	1	1	benign
144888	8	10	10	8	5	10	7	8	1	malignant
145447	8	4	4	1	2	9	3	3	1	malignant
167528	4	1	1	1	2	1	3	6	1	benign
169356	3	1	1	1	2	?	3	1	1	benign
183913	1	2	2	1	2	1	1	1	1	benign
191250	10	4	4	10	2	10	5	3	3	malignant
1017023	6	3	3	5	3	10	3	5	3	benign
1100524	6	10	10	2	8	10	7	3	3	malignant
1116116	9	10	10	1	10	8	3	3	1	malignant
1168736	5	6	6	2	4	10	3	6	1	malignant
1182404	3	1	1	1	2	1	1	1	1	benign
1182404	3	1	1	1	2	1	2	1	1	benign
1198641	3	1	1	1	2	1	3	1	1	benign
242970	5	7	7	1	5	8	3	4	1	benign
255644	10	5	8	10	3	10	5	1	3	malignant
263538	5	10	10	6	10	10	10	6	5	malignant
274137	8	8	9	4	5	10	7	8	1	malignant
303213	10	4	4	10	6	10	5	5	1	malignant
314428	7	9	4	10	10	3	5	3	3	malignant
1182404	5	1	4	1	2	1	3	2	1	benign
1198641	10	10	6	3	3	10	4	3	2	malignant
320675	3	3	5	2	3	10	7	1	1	malignant
324427	10	8	8	2	3	4	8	7	8	malignant
385103	1	1	1	1	2	1	3	1	1	benign
390840	8	4	7	1	3	10	3	9	2	malignant
411453	5	1	1	1	2	1	3	1	1	benign
320675	3	3	5	2	3	10	7	1	1	malignant
428903	7	2	4	1	3	4	3	3	1	malignant
431495	3	1	1	1	2	1	3	2	1	benign
432809	3	1	3	1	2	?	2	1	1	benign
434518	3	1	1	1	2	1	2	1	1	benign
452264	1	1	1	1	2	1	2	1	1	benign
456282	1	1	1	1	2	1	3	1	1	benign
476903	10	5	7	3	3	7	3	3	8	malignant
486283	3	1	1	1	2	1	3	1	1	benign
486662	2	1	1	2	2	1	3	1	1	benign
488173	1	4	3	10	4	10	5	6	1	malignant
492268	10	4	6	1	2	10	5	3	1	malignant
508234	7	4	5	10	2	10	3	8	2	malignant
527363	8	10	10	10	8	10	10	7	3	malignant
529329	10	10	10	10	10	10	4	10	10	malignant
535331	3	1	1	1	3	1	2	1	1	benign
543558	6	1	3	1	4	5	5	10	1	malignant
555977	5	6	6	8	6	10	4	10	4	malignant
560680	1	1	1	1	2	1	1	1	1	benign
561477	1	1	1	1	2	1	3	1	1	benign
563649	8	8	8	1	2	?	6	10	1	malignant
601265	10	4	4	6	2	10	2	3	1	malignant
606140	1	1	1	1	2	?	2	1	1	benign
606722	5	5	7	8	6	10	7	4	1	malignant
616240	5	3	4	3	4	5	4	7	1	benign
61634	5	4	3	1	2	?	2	3	1	benign
625201	8	2	1	1	5	1	1	1	1	benign
63375	9	1	2	6	4	10	7	7	2	malignant
635844	8	4	10	5	4	4	7	10	1	malignant
636130	1	1	1	1	2	1	3	1	1	benign
640744	10	10	10	7	9	10	7	10	10	malignant
646904	1	1	1	1	2	1	3	1	1	benign
653777	8	3	4	9	3	10	3	3	1	malignant
659642	10	8	4	4	4	10	3	10	4	malignant
666090	1	1	1	1	2	1	3	1	1	benign
666942	1	1	1	1	2	1	3	1	1	benign
667204	7	8	7	6	4	3	8	8	4	malignant
673637	3	1	1	1	2	5	5	1	1	benign
684955	2	1	1	1	3	1	2	1	1	benign
688033	1	1	1	1	2	1	1	1	1	benign
691628	8	6	4	10	10	1	3	5	1	malignant
693702	1	1	1	1	2	1	1	1	1	benign
704097	1	1	1	1	1	1	2	1	1	benign
704168	4	6	5	6	7	?	4	9	1	benign
706426	5	5	5	2	5	10	4	3	1	malignant
709287	6	8	7	8	6	8	8	9	1	malignant
718641	1	1	1	1	5	1	3	1	1	benign
721482	4	4	4	4	6	5	7	3	1	benign
730881	7	6	3	2	5	10	7	4	6	malignant
733639	3	1	1	1	2	?	3	1	1	benign
733639	3	1	1	1	2	1	3	1	1	benign
733823	5	4	6	10	2	10	4	1	1	malignant
740492	1	1	1	1	2	1	3	1	1	benign
743348	3	2	2	1	2	1	2	3	1	benign
752904	10	1	1	1	2	10	5	4	1	malignant
756136	1	1	1	1	2	1	2	1	1	benign
760001	8	10	3	2	6	4	3	10	1	malignant
760239	10	4	6	4	5	10	7	1	1	malignant
76389	10	4	7	2	2	8	6	1	1	malignant
764974	5	1	1	1	2	1	3	1	2	benign
770066	5	2	2	2	2	1	2	2	1	benign
785208	5	4	6	6	4	10	4	3	1	malignant
785615	8	6	7	3	3	10	3	4	2	malignant
792744	1	1	1	1	2	1	1	1	1	benign
797327	6	5	5	8	4	10	3	4	1	malignant
798429	1	1	1	1	2	1	3	1	1	benign
704097	1	1	1	1	1	1	2	1	1	benign
806423	8	5	5	5	2	10	4	3	1	malignant
809912	10	3	3	1	2	10	7	6	1	malignant
810104	1	1	1	1	2	1	3	1	1	benign
814265	2	1	1	1	2	1	1	1	1	benign
814911	1	1	1	1	2	1	1	1	1	benign
822829	7	6	4	8	10	10	9	5	3	malignant
826923	1	1	1	1	2	1	1	1	1	benign
830690	5	2	2	2	3	1	1	3	1	benign
831268	1	1	1	1	1	1	1	3	1	benign
832226	3	4	4	10	5	1	3	3	1	malignant
832567	4	2	3	5	3	8	7	6	1	malignant
